{
  "height": 48,
  "width": 260,
  "x": 116.4000015258789,
  "y": 2028.675048828125
}