{
  "height": 27,
  "width": 88,
  "x": 298.6000061035156,
  "y": 810.3875122070312
}