{
  "height": 27,
  "width": 77,
  "x": 390.9250183105469,
  "y": 1319.4499969482422
}